-19.86702
-15.80353
-12.05719
-9.97746
-20.78925
-18.88648
-22.08158
-26.40479
-17.50342
-24.41912
-20.88298
-22.31598
-19.24776
-12.8659
-14.8366
-13.76477
-15.29092
-10.3536
0.3607897
-3.022395
-1.574655
-1.641726
-2.175271
-3.202052
-7.585399
-12.0394
-6.192647
-9.653596
-8.384213
-16.88373
-21.98171
-22.83504
-20.04431
-15.45662
-11.17374
-8.627573
-5.126849
4.691695
-1.034046
0.8406206
-1.03274
6.583663
0.5060269
5.035591
2.881304
5.098517
2.252771
6.98907
4.878643
1.451154
-2.611446
-4.489533
-1.935792
-7.071796
-2.337189
-0.5981091
-0.4642997
4.465511
2.568006
2.964791
13.31569
13.33898
8.258615
6.112097
14.43318
8.536757
10.25616
8.220862
-0.7752329
1.786005
0.3681996
3.368318
2.353111
1.305047
2.576657
-1.351476
7.888469
5.460662
16.85428
16.52289
14.46404
12.93814
14.36487
12.02989
17.07692
18.92791
19.92625
17.00251
13.09489
12.01416
10.10025
5.691821
3.296278
6.272229
2.29524
-0.773775
8.231035
6.613752
2.646847
4.170326
8.197613
13.52666
17.62658
16.17988
18.19498
14.7368
17.95391
11.84134
9.322365
7.751037
2.672382
12.1438
-1.519162
0.6686944
-5.557774
-3.072902
-10.5234
-4.520182
-3.940352
7.889573
2.024794
2.474533
9.326851
13.20625
12.8198
16.57817
14.026
9.190142
11.22086
9.376594
6.68568
0.4648623
0.8778342
1.738635
-2.937622
-3.086838
-2.500717
-4.138201
-4.696365
-6.624402
3.784211
-7.802329
0.8594035
4.614581
6.882349
1.365782
4.142809
0.3751575
-5.156611
-2.466628
-5.917921
-9.780633
-6.917836
-14.75479
-14.98716
-16.34401
-10.3237
-16.98063
-11.54155
-7.617776
-8.576041
-9.223525
-3.977639
-2.723688
0.6196426
-3.412178
-3.190184
-1.070672
-0.3421371
-2.52207
-5.684963
-6.417972
-2.833704
-5.262643
-4.395176
-10.08228
-8.527514
-12.30713
-15.09721
-17.63925
-15.08802
-20.26438
-16.66011
-22.19458
-14.52111
-10.86343
-11.80434
-8.084165
-3.870528
-17.79459
-10.42711
-21.31368
-15.89007
-18.83397
-24.66259
-32.01179
-33.41791
-36.23833
-35.40099
-39.05848
-43.18494
-35.40657
-42.81631
-35.9411
-27.67449
-28.001
-24.04088
-21.77046
-20.24773
-21.87879
-23.32468
-30.45811
-21.80919
-27.60763
-32.46137
-37.31124
-37.4486
-35.70559
-35.81825
-36.45646
-36.71443
-36.25954
-41.39528
-34.71621
-37.18962
-35.69099
-33.99683
-30.30909
-33.87587
-26.3503
-27.95604
-34.5256
-30.52307
-32.48599
-34.76986
-30.3439
-42.63378
-37.61862
-47.44128
-46.77077
-44.717
-44.29221
-42.22196
-39.67494
-36.76202
-35.42001
-42.05138
-41.64439
-31.98252
-32.23647
-33.96382
-35.45565
-36.34966
-37.76668
-37.67354
-38.30307
-45.884
-56.56201
-52.61197
-51.25772
-50.34523
-51.79686
-51.91415
-50.22327
-46.38034
-46.11121
-51.2714
-48.36342
-51.28807
-52.02611
-50.4187
-54.4679
-43.07367
-47.23143
-49.62447
-51.34026
-51.34735
-50.0914
-54.68902
-56.21395
-56.20347
-52.54655
-51.70994
-57.4131
-54.6998
-53.23179
-50.50136
-50.58236
-43.74802
-47.12545
-40.97143
-34.9125
-42.68689
-36.30729
-43.32962
-43.81314
-45.89287
-47.4942
-52.88312
-53.01783
-51.20595
-52.76637
-55.4776
-55.7924
-56.80882
-52.63247
-54.01417
-51.29453
-50.56755
-50.37207
-48.80183
-48.72951
-47.92575
-51.20254
-51.77656
-51.62323
-48.95083
-56.08617
-53.51787
-52.92962
-56.4107
-54.35043
-56.25673
-64.37297
-62.8405
-60.64456
-68.46804
-66.46162
-60.22042
-66.41957
-70.977
-63.62066
-55.09235
-55.99061
-52.68233
-52.23559
-52.07098
-54.90255
-53.90937
-55.00584
-56.31259
-60.06657
-61.20379
-64.88974
-64.93725
-64.70118
-55.01073
-59.59789
-64.72311
-60.78222
-51.89213
-55.17526
-53.7275
-45.01719
-42.71965
-48.10545
-47.28908
-44.42348
-45.45864
-46.45018
-48.02897
-50.93876
-52.12346
-58.16692
-62.0636
-60.0268
-60.59483
-53.86
-55.42998
-58.07719
-47.05528
-45.62482
-41.48537
-35.81478
-39.35281
-27.11259
-30.26567
-26.65669
-34.00219
-29.77155
-35.33221
-27.41185
-35.48403
-35.93258
-36.15415
-42.03912
-40.03389
-43.77216
-47.27508
-38.09297
-41.96039
-34.75336
-36.38484
-31.87833
-32.38668
-25.7206
-28.64174
-31.18635
-23.76874
-26.85905
-23.24415
-23.15565
-32.36208
-19.8264
-26.12985
-27.62196
-27.02536
-27.04747
-28.76388
-26.38467
-20.86788
-18.79589
-16.11309
-17.11238
-6.454813
-7.91939
-9.454574
-3.389719
0.9361343
-8.525398
-0.3885291
3.317304
-5.192841
-6.471747
-6.505361
-2.342529
2.01637
-2.816638
-1.693795
-1.890287
-5.66563
-0.1738522
1.692505
1.991303
4.11143
7.5805
5.235837
6.003484
5.556511
6.233339
13.95655
16.96262
21.51422
21.02117
17.92757
22.51157
28.04632
23.10613
21.00122
21.49041
21.25081
27.2618
29.66392
30.19711
33.52143
42.7252
40.60538
49.44297
48.87477
56.49406
43.50044
50.24531
47.82571
48.64896
47.47201
47.04651
40.31795
54.23822
48.73125
53.48703
52.71635
58.7612
54.33456
57.56005
51.43618
58.36693
61.43268
69.87994
76.78502
76.05175
84.07066
92.877
86.89553
90.44401
86.13669
90.94098
89.26959
92.81186
95.57951
90.3185
98.4178
96.32813
99.87624
99.65918
100.1097
102.7545
107.2523
115.1841
111.4423
112.6082
