-1.371393
-0.0183665
1.289068
1.003166
1.219789
-0.6156297
0.1938121
0.1733419
0.571113
1.359201
2.211368
2.031077
1.936215
0.6578982
0.3988882
1.400037
0.8495178
1.956981
1.732797
2.362776
2.194075
1.37798
0.4177713
0.8360151
0.184851
0.624198
1.640228
0.656243
-0.811157
-1.259425
-0.3501576
-0.6344675
-1.044214
-0.277362
2.197988
0.7586751
0.9501083
2.611288
0.6569691
-0.417322
-2.051884
-4.851858
-6.496128
-5.041266
-3.243046
-2.207623
-0.3025366
0.2173809
1.616048
0.3000609
-1.77108
-0.5226211
0.4115905
2.23888
-0.1966954
-1.156733
-2.26637
-1.11117
1.198389
1.155767
-0.6586406
-0.8600936
-1.183567
-2.134132
-0.8613208
-0.9053209
-1.348821
0.04904809
-0.09752431
-1.712666
-3.774614
-3.489733
-4.002794
-1.910208
-1.712396
-1.262433
0.1715972
2.800258
2.783333
2.727641
1.571677
0.9470449
0.2695003
2.166895
3.462643
2.772769
0.9449148
1.003837
1.113039
2.22818
2.941076
3.296275
3.307945
1.274305
1.99748
1.104316
1.490372
2.635913
2.777049
4.24675
1.915107
2.211953
1.61791
2.553748
3.135082
1.787314
0.5858121
-1.453748
-1.880191
-0.5711754
0.9709592
1.241292
3.202982
2.845284
2.385001
2.978978
2.503758
-0.4965805
-0.7094142
-0.351665
-1.576102
-0.5052424
0.8798715
0.8064461
-0.225214
-0.4167979
-1.64825
-2.323018
-1.828889
-2.273501
-1.954054
0.3013895
1.449056
1.385902
0.9438141
1.3325
2.229505
3.928123
2.679245
2.674368
0.4739511
-1.214265
-2.995658
-2.649441
-0.8322821
-2.076557
-1.471941
-1.686876
-0.03247205
-1.307488
-0.8249643
0.2234153
1.450792
2.290501
2.992968
1.034918
0.3304416
0.02482259
-0.1544085
-1.518027
-1.54174
-1.878012
-1.505032
0.06673524
0.503057
-0.8812172
-1.479208
0.3070328
0.6832165
1.432907
1.271013
-0.3382724
-0.6839537
-0.5425561
0.9095789
0.06215134
0.6120955
0.3267486
-0.4124489
-0.885853
0.867719
1.417447
2.93789
4.169461
5.218423
5.575
2.718941
1.028847
-0.2670308
1.858963
3.349667
2.046785
1.415698
1.564077
2.838436
3.327078
4.696495
4.040632
1.932869
-0.2353741
-0.1694557
-0.1722236
-0.4629921
0.8630975
0.58581
-0.2951494
-1.380631
0.185099
1.036095
0.9832604
-0.5037451
-0.6974359
0.4270062
-0.2041626
-0.5938433
-2.154718
-2.266532
-2.302231
-0.3198247
0.1352108
1.005179
1.478405
-0.2078001
-0.3023997
0.329177
0.2460551
1.391049
0.9544178
1.752535
0.06445391
-0.1462673
-1.566415
-1.076659
-0.7902052
-0.4817908
-1.553678
-2.157016
-2.366845
-1.400932
0.03371098
-0.634366
-1.545793
-2.96976
-4.283977
-2.129095
-1.140971
-0.5767328
-0.5266514
-0.3490623
0.6416774
0.7440005
0.1799086
1.341161
1.820127
1.989175
2.849133
2.144339
0.3534254
-0.672815
-1.274666
-2.265896
-2.710044
-2.88729
-1.036308
-0.5820744
-1.546937
-1.368087
-1.551131
-3.410665
-3.339119
-1.819216
-2.162456
-1.420876
-1.272827
-0.847675
-2.099482
-0.2538447
0.9190077
1.304961
0.8782478
1.032751
0.8249189
0.1851533
1.376276
-0.5593445
-1.670028
-2.549944
-3.830546
-2.915442
-1.863377
-2.169714
-2.906028
-0.8760455
1.114651
2.163774
3.840547
3.297773
3.078588
2.954516
1.788255
0.3354644
0.201434
0.003345837
-0.1982185
-2.313683
-0.3191867
-0.2186921
0.0875955
1.384175
0.8656104
-0.6787707
-1.239555
-0.04270921
0.006278778
-1.341493
-2.099776
-1.649686
-1.935186
-0.7172444
0.01403981
2.187766
0.7838526
1.325306
1.75218
2.811756
1.102001
-0.3121795
-0.3775688
1.453239
1.284177
0.3479661
0.009838587
0.2757219
0.3630335
0.2102919
0.5238771
-2.143314
-1.647753
-1.129623
-2.558742
-2.496951
-3.23209
-2.699625
-1.627068
0.7876623
0.866013
-0.2089768
-1.05611
-0.735515
-0.1824373
0.682854
0.4380392
-1.024609
-1.073335
1.227007
-0.3264996
1.457859
0.07271169
-3.10877
-4.536714
-3.083591
-1.129763
1.097483
0.1144357
0.007283433
1.177734
0.8299141
-0.04368178
0.2776145
-0.03252851
0.1748484
-0.2331169
-1.266236
-1.867017
-2.137198
0.2972154
1.039704
1.654037
2.14765
2.256238
2.583925
2.336145
2.17013
0.7444855
0.1119119
-1.88931
-1.250841
-0.1559512
0.3592385
0.0582066
1.241086
1.116387
0.7999554
-0.4894543
-2.229899
-3.494135
-3.550828
-3.883062
-0.8748668
-1.28459
-2.093174
-0.8977299
1.054342
1.881203
0.3847727
0.1078546
0.5686164
-0.4625821
-0.5297239
-0.1316837
-0.6391563
-0.6354616
-1.038791
-1.183739
-0.5499681
1.136425
1.943415
1.738678
0.412479
0.9133534
0.787715
-0.1718742
0.03015358
0.4859391
2.381102
4.027272
3.551216
2.233323
3.62371
3.158636
0.8932285
1.810556
-0.4746333
-1.340793
-1.253838
-0.9443737
-0.5512656
-0.03825387
0.3425085
0.6224379
-1.252242
1.159818
0.827801
0.06465348
-0.6355222
-0.6989303
-0.9900375
-1.645195
-1.359964
-1.471149
-2.605568
-1.696752
-1.036151
0.1948948
-0.3323587
-1.640652
-1.853475
-2.64734
-2.446984
-1.818303
-0.8116812
0.3682539
1.691932
1.60748
1.37185
0.6135031
0.8896618
-0.6066365
0.03497718
-0.1590219
0.9142448
2.044835
-0.2144414
-2.065839
-1.388229
-0.6399628
-0.5605864
-1.594863
-1.128632
-1.750926
-1.408644
-1.082101
-0.7819682
0.05420184
0.03824234
-0.5250627
-0.5555959
0.3701163
1.630899
2.139109
2.286473
0.7046471
0.5332526
-0.6947419
-1.282636
-1.874124
-2.518928
-0.7893133
-1.303864
0.181392
