2.460106
2.925777
2.314757
0.7161012
-1.222307
-2.035556
0.2702584
3.368933
4.806943
4.347687
3.683308
3.185671
1.100519
0.9395539
2.157738
1.817053
-1.116004
-3.061065
-1.961631
-0.044613
0.7413042
-1.026572
-4.436488
-5.444405
-1.28441
3.982631
5.056334
2.480474
0.00096884
0.4988726
2.171442
2.836502
2.921769
1.442242
-0.1388166
0.06479424
2.154069
4.408616
4.553726
3.713142
3.472005
4.205747
4.369061
0.640244
-5.830034
-9.932958
-9.439168
-5.41404
-2.384755
-1.477084
-1.119757
-0.3546767
-0.5132967
-2.350731
-4.222445
-5.564615
-4.13637
-0.8774524
2.459149
3.912847
2.844408
0.883532
-1.453012
-2.085045
-3.020265
-4.00335
-1.492729
2.988628
7.532416
9.630375
7.408899
4.324308
0.570493
-2.870993
-4.046148
-2.927721
-0.6392113
1.039023
1.306589
-0.9128287
-3.555365
-5.077714
-4.201121
-3.655832
-4.498788
-4.105715
-2.187226
-0.4518801
0.3483587
0.519124
-1.271386
-3.922931
-3.818789
-2.193626
-0.4385004
2.120669
3.110758
1.326317
-1.695451
-3.398614
-4.02378
-1.288619
2.17786
1.702792
-0.315603
-2.611925
-2.281191
1.719215
4.913037
4.398905
-0.1465121
-5.883547
-6.089258
-3.449144
0.9879845
4.821608
4.768428
4.042385
2.569194
0.3104272
-1.12132
-1.156203
0.7315497
3.059976
3.994232
2.493391
-0.7927654
-3.939037
-6.223169
-6.127223
-3.222876
-0.9750876
0.3752625
1.344613
-0.6867567
-3.953186
-5.942327
-6.593109
-5.990335
-5.046925
-2.826464
0.9651288
2.320634
1.703193
0.1032408
-2.011747
-0.6708774
2.89908
5.639932
5.035656
2.693498
0.4646324
-0.3445505
-0.9689256
-1.671558
-2.187385
-2.831832
-1.855464
-1.058601
-1.741451
-1.5392
-1.119755
0.09567583
2.237441
4.958039
6.84702
3.991927
-0.4683955
-3.065608
-2.229149
1.193849
2.979616
1.895855
-0.2388385
0.07057753
2.248132
4.525632
4.893974
3.512552
3.540953
5.877278
10.1328
10.31877
6.002144
0.3582226
-3.941271
-3.400495
-0.2206448
1.418803
0.5435347
0.03648189
0.6713607
-1.102371
-3.927674
-6.099838
-4.672419
1.632605
8.180968
8.510066
3.167065
-2.406151
-5.919759
-5.92829
-1.734772
2.81768
5.759086
5.355741
2.749862
1.815508
0.7252689
-0.1062348
-0.2134213
1.079959
3.386907
4.723849
4.668579
3.439456
1.415012
1.828334
3.167414
3.952021
3.939476
0.9440775
-1.248575
-1.093235
-0.8528726
1.421594
3.570789
5.460861
5.610934
4.237887
1.68908
-0.9965845
-4.027525
-6.733903
-7.192193
-5.998796
-3.426085
-0.3922761
0.4798235
-1.201881
-0.86247
0.2081856
1.136716
0.2867502
-2.789282
-4.751903
-4.679466
-2.570203
0.03428742
2.256705
3.346611
1.887271
0.009397352
-0.05491956
0.4741352
-0.1576544
0.1271801
0.4278355
-0.4074341
-1.450714
-1.603799
-0.9017934
-0.8737125
-1.208255
-0.4940664
2.631714
6.84876
7.529119
4.619575
2.398643
0.3510224
-2.024656
-3.309034
-3.656475
-1.70579
2.229747
4.602234
1.559475
-3.020873
-5.066499
-5.067556
-3.520648
-2.147118
-1.209035
-1.902375
-2.968549
-2.41882
-1.796723
-2.829759
-4.987554
-7.148483
-7.882623
-4.087936
1.380505
4.428944
4.946157
3.0206
0.4087496
-1.684517
-2.343751
-1.881226
-0.8204694
1.024364
0.8046633
-0.1484144
1.391539
2.899766
2.432433
0.6509972
-1.609505
-2.598799
-1.950612
-0.620069
0.9680355
2.172341
4.512488
6.081008
4.873693
2.730738
-0.9199573
-1.492445
-0.1594836
1.103253
2.190016
3.029565
3.683633
3.717011
4.085831
5.16785
5.670978
5.981898
4.700168
1.231262
-2.488648
-4.653165
-2.214722
1.84076
5.080171
6.197397
3.293004
-0.02785591
-1.718903
-1.116075
1.802603
4.923403
7.592814
7.50392
6.121453
4.878411
3.21033
-0.8909358
-4.654169
-6.345691
-5.334889
-2.94584
-0.4610579
3.048412
3.253074
1.754457
0.9595044
2.660971
5.331551
7.026682
5.766417
2.693723
-0.585107
-4.761276
-6.128932
-5.630682
-4.820438
-2.537157
0.916097
2.694991
2.438966
0.4298481
-1.063442
1.0648
3.031019
3.717725
2.404711
1.312431
2.185693
3.428412
5.125538
3.715846
-0.6807252
-3.442062
-4.307945
-2.740103
0.5248073
1.932179
0.7429665
-1.042474
-1.492589
-1.111706
-1.022286
-1.671332
-2.241604
-1.995307
-1.741057
-2.154863
-2.449021
-4.060516
-6.618586
-7.116491
-5.625136
-2.341639
-0.1449042
0.6051243
0.2569795
-1.764588
-2.222411
0.849855
3.991509
5.34009
3.993377
-0.6600594
-3.023351
-2.522477
-0.7185945
1.63811
2.413005
2.198634
0.8570484
-1.793916
-4.34296
-3.313205
-0.4694935
1.669485
3.987595
5.831757
4.635308
0.94982
-1.200923
-0.9810215
1.618908
4.486164
6.432241
7.673292
8.02218
8.042274
7.209882
6.647066
4.070089
0.5886149
-2.380944
-3.499642
-1.334991
1.812529
4.555956
4.632743
1.892932
-1.406775
-2.2343
1.933163
5.759449
5.13109
1.988271
-1.778259
-2.05128
-0.7867519
0.1787137
2.320927
5.23928
8.649129
9.872902
7.771926
4.914069
2.003302
0.02988986
-1.326304
-3.570039
-2.583453
3.125042
7.697643
8.399751
5.228704
0.7007477
-0.4979555
-1.323486
-4.532139
-6.801727
-5.06279
-1.123168
2.772519
3.16981
0.2332741
1.271021
2.620443
2.431491
-0.6595863
-4.410537
-4.683132
-4.477535
-3.203124
-0.6258223
1.665911
2.743182
1.240052
