2.607987
3.14848
4.93846
4.050784
0.8108144
-0.2165114
0.6688031
3.08456
4.269526
3.42476
3.843452
6.506447
9.13781
9.952886
10.4306
9.737899
9.119063
10.59792
12.16405
13.33012
13.7482
14.05584
15.15985
15.08227
14.39849
14.26394
14.38122
14.6032
16.59458
18.39269
20.24609
21.07688
19.01344
16.09488
14.59307
15.14433
13.8711
12.2969
11.80995
13.27186
15.38212
17.92963
23.85776
29.27724
30.84631
28.01991
24.59482
23.66518
23.47548
23.12617
21.32981
21.13196
23.2043
24.94905
27.90955
32.32716
35.29731
35.30483
34.42546
34.18846
35.02965
35.58502
35.19504
32.55196
31.8576
34.52456
38.76194
40.6048
38.23615
36.54858
37.66623
39.99764
40.78639
39.17336
38.79458
38.1001
34.88001
31.37466
30.38838
33.52044
39.51
43.79307
43.68855
40.54703
37.76336
38.61433
43.42448
48.13118
49.68629
49.72507
49.29231
47.57134
46.62338
45.12285
43.82889
44.46705
47.31915
49.63149
51.62232
53.03238
51.77214
50.03811
48.46754
49.50559
52.55948
55.83209
57.47232
58.26748
59.71147
58.72043
56.17822
54.61455
54.78443
55.14252
55.00477
55.43776
57.03754
60.24253
63.28651
63.98762
63.74216
64.95824
65.63911
64.39086
63.42565
62.42288
62.83745
67.09671
70.88286
71.79663
72.01744
71.12737
69.95637
69.93673
68.89495
68.83508
69.84655
70.11149
70.89108
71.29985
71.49755
72.00546
73.47464
74.31822
73.924
75.21857
75.78407
74.51865
71.85122
69.14298
69.91598
73.47065
76.58776
79.46062
80.70375
80.21366
79.4299
78.46344
77.19139
76.72101
77.81863
78.19815
79.13634
82.43241
84.96125
85.19484
83.62934
82.81154
83.66234
85.0551
86.31089
86.79293
86.22081
83.73708
79.93626
79.40569
81.49394
83.83218
85.20923
86.27945
85.72968
85.79666
89.03471
92.36851
94.25002
94.07613
92.94647
93.28273
92.73374
90.03468
89.45096
90.8601
95.8075
101.5894
103.696
102.5857
98.40182
95.12661
96.38083
98.14333
100.663
104.6453
106.1265
104.7512
101.9695
101.2259
103.1066
104.8443
105.0636
105.7465
107.7249
109.1402
108.3644
106.6539
106.4077
107.9331
108.5356
107.1331
106.3076
106.3563
106.9476
109.5967
114.0549
117.1979
118.8287
118.8158
116.3145
114.0237
111.8015
110.1323
111.3795
116.1734
120.9847
121.6535
119.0303
115.3332
111.8361
111.3729
115.1955
120.5875
124.747
125.3876
123.1528
120.6839
119.2798
119.5996
122.9849
128.1597
130.9595
130.3785
128.194
128.0173
127.7332
127.3734
128.2871
130.9657
132.8031
132.0732
130.272
128.978
128.9082
131.0644
135.5071
138.6128
139.4306
137.8332
136.5743
135.2686
134.0534
133.7186
131.7955
132.4592
135.9207
136.9868
136.7189
137.9104
140.2811
141.1758
139.1556
136.0219
136.0103
138.0605
141.2759
143.8894
143.2535
141.8546
139.3871
137.9692
141.3282
146.478
150.091
150.5463
148.7377
147.7052
146.8478
146.0323
146.3412
147.5726
147.4251
147.5033
