0.2241408
2.523713
2.445605
0.7679285
1.795453
0.07153081
0.4923099
0.4270619
-0.07270019
-0.3306698
-1.327868
-1.044652
-1.112811
-0.217911
1.220039
2.756385
2.740002
-0.7919706
-1.690903
-0.6140738
0.7348958
2.151064
1.765068
0.9676354
-0.2540143
-1.735887
-1.060703
-0.7197663
1.380124
2.034175
0.07703839
0.8055075
1.45359
1.927772
2.07985
0.1213599
-1.63841
-1.908223
-1.631451
-1.980636
-2.322466
-0.5273569
2.920954
4.309902
3.420607
2.489157
2.089599
1.083521
0.04102825
-0.4204385
-1.386999
-2.476431
-1.360919
0.3856328
1.137439
-0.4537575
-1.234876
-2.034438
-0.18057
0.2380288
0.6425635
2.012501
1.910801
2.250954
0.9982202
-1.461389
-2.099998
-3.006879
-2.353855
0.4586274
1.085448
1.806228
1.195093
1.178166
1.613156
0.4029964
0.6449371
0.4910697
0.6439918
0.6189605
-0.7775587
-1.141797
-1.707227
-3.494532
-3.601555
-1.196049
-0.5691663
0.05418113
0.9479319
0.3940272
0.09662207
-0.8553843
-0.0416734
0.5134319
-0.1064744
0.1539553
-2.422721
-2.421922
-3.510568
-3.427086
-2.654833
-1.499764
-0.1979539
0.06866974
1.084729
-0.549074
-2.420692
-2.736082
-1.241198
0.8945244
1.569019
0.3536531
0.249045
0.9240722
-0.8055355
-2.060516
-2.798351
-0.9674745
0.4341194
-0.05718952
0.6096027
1.242841
0.6159448
-0.8175837
-0.1646859
0.8474205
1.634496
1.19752
0.2135585
-0.3005991
-1.258324
-1.509513
-1.466526
-1.59415
-1.203452
-0.1259281
-0.1903734
-0.9228013
-0.8509266
-1.98381
0.4088563
3.879051
3.255095
2.423141
1.441274
1.61489
2.742328
2.66062
0.9055108
-0.2636648
0.0495075
-2.225955
-2.422997
-1.984468
-3.241413
-2.025723
-1.065557
-1.742656
-1.442822
-0.5295221
-1.261795
-1.385809
-1.525933
0.177079
-1.310883
-1.317526
-0.7043401
-1.171274
0.1235837
1.208875
2.645459
3.136698
1.779617
0.861997
0.04853204
-1.069134
-2.376325
-2.065897
-1.252938
-1.451993
-2.054218
-1.344322
0.1170102
0.2857599
0.6098905
0.4403191
-0.3536411
-0.06215657
-0.3272372
1.191364
1.310946
0.7731627
-0.2152917
-0.111876
1.023102
2.153104
0.9454226
-0.9119932
0.2553705
0.7388978
0.713604
-0.7409793
-0.8079933
-1.850314
-2.533291
0.8035392
1.053411
1.295698
3.544537
2.067208
0.8846369
1.773387
-0.9833203
-0.2304716
0.619559
1.872452
3.10332
1.387142
-0.3930066
0.1916648
0.7175764
-1.578809
-0.5254965
-0.4256624
-0.6973845
-0.4356274
-2.100612
-1.800237
-3.160413
-0.9081239
2.336278
3.079328
3.672515
2.124582
1.60497
-0.02852389
0.5416518
0.4251235
1.702546
1.739042
-0.1983711
-2.794129
-2.720759
-1.38705
-1.150009
-1.466111
-0.632456
0.6456333
-0.03923152
0.4437757
-0.4714691
-1.168487
-2.807737
-2.813741
-1.47853
0.3923354
-0.1065818
0.2748282
0.779867
0.1861839
1.51877
0.8093931
-0.005937997
0.7846804
-0.6355351
-0.2797088
-0.1520265
-0.633421
1.442856
2.234201
1.499333
2.020933
1.434527
-1.023389
-0.01007459
-0.7108916
0.1548713
1.387163
1.398201
-0.07043196
-1.396978
-0.1652599
-2.669756
-2.135389
-1.979253
-1.739139
-1.86529
-2.973534
-2.663474
-4.702063
-2.872182
-2.455548
-2.194667
0.2218599
1.178336
0.5704207
-0.3269146
-1.248675
-3.286998
-2.177454
-0.7760364
-0.6127438
-0.2041078
-0.1756966
0.6293707
0.1488884
-1.651682
-2.178547
-2.579519
-2.901283
-1.40037
-0.0206658
-0.7088232
-1.786957
0.08788818
0.66994
0.1404252
0.1283645
-1.648563
-1.068133
-2.571056
-1.573977
-1.187396
-1.637978
-1.571056
-1.760727
0.3983996
-0.4090845
1.43412
1.721171
0.9366809
0.2675459
-2.220076
-2.13122
-2.81125
-1.519367
-1.586343
-1.543728
-0.3698696
-0.5047537
-0.4194233
1.499033
1.279464
0.08479984
0.7354477
0.09146784
0.3098671
0.006855712
-0.3390173
-1.995847
-0.915644
0.01508038
-0.6065726
0.3211666
-0.05305189
-0.8794315
-0.6748671
-0.3807342
-0.9199882
0.13689
1.759339
0.2724908
1.228638
2.71005
1.480107
2.855082
2.048795
0.5973107
1.087033
1.054522
3.152126
2.890147
1.13918
0.8503977
-0.938703
-1.344923
-2.393123
-0.302945
1.302895
0.972413
1.698298
0.7717653
0.1703388
0.9561215
1.447132
0.5457107
0.03021904
1.928585
1.416907
0.6871821
-0.8097503
-0.6944634
1.701744
1.883695
1.043174
-1.229762
-2.445366
-3.127774
-1.812625
-0.7747159
-1.864504
-0.4843101
1.440661
1.168796
0.03148749
-0.2093709
-1.525634
-1.469148
-0.5355561
0.8810316
0.8116364
-0.848394
-0.1993499
-1.034912
-2.145161
0.5296107
2.454735
2.6298
-0.4678546
-1.023169
-0.1416413
-1.145137
1.468535
1.475209
-0.4069017
-0.6892117
-0.3000114
0.7012954
0.311659
-0.5667332
-3.190048
-0.8634789
1.09914
1.323284
1.141018
0.1561194
0.5695617
0.0988449
-0.5221172
-1.083935
0.5667063
0.8933806
1.716868
0.95044
0.2263363
1.286219
1.335664
0.3848757
1.483299
3.423653
2.968012
3.317667
-0.4464896
-1.148916
0.6058244
1.083326
0.52509
0.992247
1.037177
1.385219
1.317219
1.659175
1.49677
-0.5285035
-1.638187
-1.228925
0.2162687
0.8776553
0.5052936
-0.8583569
-1.036908
0.002941441
0.8411016
-0.4645464
-1.259585
-0.8911746
-2.547729
-2.157483
-0.8759678
-1.367333
0.1182411
0.1063452
0.05172486
0.3116351
0.1033861
-0.2225002
-2.036535
-1.460671
-0.5172674
0.1239186
1.951109
0.000494941
0.145864
0.5141467
-0.6130731
-0.5107439
0.8170359
-0.4695081
-0.3804633
1.392218
